5.750e+01 3.266e+02
1.376e+02 3.413e+02
2.468e+02 2.751e+02
1.132e+02 3.006e+02
2.338e+02 3.239e+02
3.981e+02 1.658e+02
3.056e+02 3.283e+02
2.293e+02 3.076e+02
1.550e+02 1.424e+02
2.854e+02 2.571e+02
2.564e+02 3.249e+02
2.247e+02 5.173e+02
2.467e+02 3.022e+02
3.300e+02 4.144e+02
2.487e+02 2.974e+02
2.956e+02 2.793e+02
1.996e+02 3.547e+02
2.517e+02 3.027e+02
8.360e+01 2.292e+02
1.795e+02 4.692e+02
3.387e+02 2.686e+02
2.232e+02 2.801e+02
7.714e+02 3.328e+02
6.181e+02 1.435e+02
6.967e+02 2.482e+02
7.075e+02 2.484e+02
8.686e+02 2.330e+02
6.788e+02 3.584e+02
7.478e+02 2.433e+02
7.003e+02 2.358e+02
6.922e+02 2.544e+02
8.175e+02 3.704e+02
5.350e+02 1.091e+02
7.425e+02 3.426e+02
7.037e+02 2.466e+02
6.798e+02 2.092e+02
8.349e+02 2.771e+02
8.866e+02 1.564e+02
6.932e+02 2.771e+02
8.281e+02 1.170e+02
6.999e+02 1.104e+02
6.719e+02 2.424e+02
6.627e+02 8.078e+01
6.003e+02 7.277e+01
4.202e+02 7.799e+02
4.048e+02 7.768e+02
3.433e+02 8.067e+02
2.979e+02 7.044e+02
3.911e+02 7.620e+02
2.243e+02 6.920e+02
5.495e+02 6.682e+02
4.704e+02 7.378e+02
4.727e+02 6.808e+02
4.719e+02 7.067e+02
4.380e+02 8.083e+02
4.058e+02 7.521e+02
3.138e+02 9.263e+02
2.932e+02 6.437e+02
4.005e+02 7.500e+02
3.984e+02 7.104e+02
3.759e+02 7.718e+02
3.697e+02 9.195e+02
3.760e+02 7.893e+02
5.203e+02 8.659e+02
3.304e+02 7.700e+02
3.780e+02 6.389e+02
0.000e+00 0.000e+00
0.000e+00 0.000e+00
0.000e+00 0.000e+00
0.000e+00 0.000e+00
0.000e+00 0.000e+00
0.000e+00 0.000e+00
0.000e+00 0.000e+00
0.000e+00 0.000e+00
0.000e+00 0.000e+00
0.000e+00 0.000e+00
0.000e+00 0.000e+00
0.000e+00 0.000e+00
0.000e+00 0.000e+00
0.000e+00 0.000e+00
0.000e+00 0.000e+00
0.000e+00 0.000e+00
0.000e+00 0.000e+00
0.000e+00 0.000e+00
0.000e+00 0.000e+00
0.000e+00 0.000e+00
0.000e+00 0.000e+00
0.000e+00 0.000e+00
0.000e+00 0.000e+00
0.000e+00 0.000e+00
3.352e+02 9.460e+01
3.404e+02 2.383e+02
6.204e+02 2.367e+02
8.521e+02 6.721e+02
7.992e+02 2.045e+02
3.239e+02 1.618e+02
8.113e+02 2.655e+02
4.486e+02 8.986e+02
7.919e+02 5.456e+02
9.685e+02 1.095e+02
